0 0 0 15 0 0 12 7 8 5 0 0 0 0 0 0
0 0 12 10 13 4 15 0 0 0 0 0 5 1 0 7
6 0 0 0 0 0 5 0 0 0 10 13 0 11 12 0
0 0 7 9 2 1 0 0 0 6 4 0 0 0 14 10
16 14 0 13 7 0 0 0 0 4 0 5 15 0 10 0
0 10 0 4 16 8 6 15 0 14 13 0 11 0 3 0
3 0 0 0 4 0 0 5 16 0 0 0 9 0 7 14
0 0 0 0 0 0 0 0 0 9 6 0 0 0 0 8
7 0 0 0 0 5 0 8 9 11 0 0 14 0 0 0
0 0 15 0 0 0 16 0 1 0 8 0 7 12 6 11
0 9 0 6 0 11 0 0 5 15 0 7 0 0 0 1
13 0 0 16 0 6 7 14 4 2 12 10 0 0 0 0
15 0 10 3 6 0 0 0 0 0 0 0 0 14 0 0
2 13 0 8 0 0 4 0 14 0 0 0 0 16 15 0
5 0 16 14 0 0 8 0 6 12 0 11 3 0 13 9
0 0 6 0 0 0 0 2 15 16 0 3 1 10 0 4

0 0 0 15 0 0 12 7 8 5 0 0 0 0 0 0
0 0 12 10 13 4 15 0 0 0 0 0 5 1 0 7
6 0 0 0 0 0 5 0 0 0 10 13 0 11 12 0
0 0 7 9 2 1 0 0 0 6 4 0 0 0 14 10
16 14 0 13 7 0 0 0 0 4 0 5 15 0 10 0
0 10 0 4 16 8 6 15 0 14 13 0 11 0 3 0
3 0 0 0 4 0 0 5 16 0 0 0 9 0 7 14
0 0 0 0 0 0 0 0 0 9 6 0 0 0 0 8
7 0 0 0 0 5 0 8 9 11 0 0 14 0 0 0
0 0 15 0 0 0 16 0 1 0 8 0 7 12 6 11
0 9 0 6 0 11 0 0 5 15 0 7 0 0 0 1
13 0 0 16 0 6 7 14 4 2 12 10 0 0 0 0
15 0 10 3 6 0 0 0 0 0 0 0 0 14 0 0
2 13 0 8 0 0 4 0 14 0 0 0 0 16 15 0
5 0 16 14 0 0 8 0 6 12 0 11 3 0 13 9
0 0 6 0 0 0 0 2 15 16 0 3 1 10 0 4

0 0 0 15 0 0 12 7 8 5 0 0 0 0 0 0
0 0 12 10 13 4 15 0 0 0 0 0 5 1 0 7
6 0 0 0 0 0 5 0 0 0 10 13 0 11 12 0
0 0 7 9 2 1 0 0 0 6 4 0 0 0 14 10
16 14 0 13 7 0 0 0 0 4 0 5 15 0 10 0
0 10 0 4 16 8 6 15 0 14 13 0 11 0 3 0
3 0 0 0 4 0 0 5 16 0 0 0 9 0 7 14
0 0 0 0 0 0 0 0 0 9 6 0 0 0 0 8
7 0 0 0 0 5 0 8 9 11 0 0 14 0 0 0
0 0 15 0 0 0 16 0 1 0 8 0 7 12 6 11
0 9 0 6 0 11 0 0 5 15 0 7 0 0 0 1
13 0 0 16 0 6 7 14 4 2 12 10 0 0 0 0
15 0 10 3 6 0 0 0 0 0 0 0 0 14 0 0
2 13 0 8 0 0 4 0 14 0 0 0 0 16 15 0
5 0 16 14 0 0 8 0 6 12 0 11 3 0 13 9
0 0 6 0 0 0 0 2 15 16 0 3 1 10 0 4

0 0 0 15 0 0 12 7 8 5 0 0 0 0 0 0
0 0 12 10 13 4 15 0 0 0 0 0 5 1 0 7
6 0 0 0 0 0 5 0 0 0 10 13 0 11 12 0
0 0 7 9 2 1 0 0 0 6 4 0 0 0 14 10
16 14 0 13 7 0 0 0 0 4 0 5 15 0 10 0
0 10 0 4 16 8 6 15 0 14 13 0 11 0 3 0
3 0 0 0 4 0 0 5 16 0 0 0 9 0 7 14
0 0 0 0 0 0 0 0 0 9 6 0 0 0 0 8
7 0 0 0 0 5 0 8 9 11 0 0 14 0 0 0
0 0 15 0 0 0 16 0 1 0 8 0 7 12 6 11
0 9 0 6 0 11 0 0 5 15 0 7 0 0 0 1
13 0 0 16 0 6 7 14 4 2 12 10 0 0 0 0
15 0 10 3 6 0 0 0 0 0 0 0 0 14 0 0
2 13 0 8 0 0 4 0 14 0 0 0 0 16 15 0
5 0 16 14 0 0 8 0 6 12 0 11 3 0 13 9
0 0 6 0 0 0 0 2 15 16 0 3 1 10 0 4

0 0 0 15 0 0 12 7 8 5 0 0 0 0 0 0
0 0 12 10 13 4 15 0 0 0 0 0 5 1 0 7
6 0 0 0 0 0 5 0 0 0 10 13 0 11 12 0
0 0 7 9 2 1 0 0 0 6 4 0 0 0 14 10
16 14 0 13 7 0 0 0 0 4 0 5 15 0 10 0
0 10 0 4 16 8 6 15 0 14 13 0 11 0 3 0
3 0 0 0 4 0 0 5 16 0 0 0 9 0 7 14
0 0 0 0 0 0 0 0 0 9 6 0 0 0 0 8
7 0 0 0 0 5 0 8 9 11 0 0 14 0 0 0
0 0 15 0 0 0 16 0 1 0 8 0 7 12 6 11
0 9 0 6 0 11 0 0 5 15 0 7 0 0 0 1
13 0 0 16 0 6 7 14 4 2 12 10 0 0 0 0
15 0 10 3 6 0 0 0 0 0 0 0 0 14 0 0
2 13 0 8 0 0 4 0 14 0 0 0 0 16 15 0
5 0 16 14 0 0 8 0 6 12 0 11 3 0 13 9
0 0 6 0 0 0 0 2 15 16 0 3 1 10 0 4

0 0 0 15 0 0 12 7 8 5 0 0 0 0 0 0
0 0 12 10 13 4 15 0 0 0 0 0 5 1 0 7
6 0 0 0 0 0 5 0 0 0 10 13 0 11 12 0
0 0 7 9 2 1 0 0 0 6 4 0 0 0 14 10
16 14 0 13 7 0 0 0 0 4 0 5 15 0 10 0
0 10 0 4 16 8 6 15 0 14 13 0 11 0 3 0
3 0 0 0 4 0 0 5 16 0 0 0 9 0 7 14
0 0 0 0 0 0 0 0 0 9 6 0 0 0 0 8
7 0 0 0 0 5 0 8 9 11 0 0 14 0 0 0
0 0 15 0 0 0 16 0 1 0 8 0 7 12 6 11
0 9 0 6 0 11 0 0 5 15 0 7 0 0 0 1
13 0 0 16 0 6 7 14 4 2 12 10 0 0 0 0
15 0 10 3 6 0 0 0 0 0 0 0 0 14 0 0
2 13 0 8 0 0 4 0 14 0 0 0 0 16 15 0
5 0 16 14 0 0 8 0 6 12 0 11 3 0 13 9
0 0 6 0 0 0 0 2 15 16 0 3 1 10 0 4

0 0 0 15 0 0 12 7 8 5 0 0 0 0 0 0
0 0 12 10 13 4 15 0 0 0 0 0 5 1 0 7
6 0 0 0 0 0 5 0 0 0 10 13 0 11 12 0
0 0 7 9 2 1 0 0 0 6 4 0 0 0 14 10
16 14 0 13 7 0 0 0 0 4 0 5 15 0 10 0
0 10 0 4 16 8 6 15 0 14 13 0 11 0 3 0
3 0 0 0 4 0 0 5 16 0 0 0 9 0 7 14
0 0 0 0 0 0 0 0 0 9 6 0 0 0 0 8
7 0 0 0 0 5 0 8 9 11 0 0 14 0 0 0
0 0 15 0 0 0 16 0 1 0 8 0 7 12 6 11
0 9 0 6 0 11 0 0 5 15 0 7 0 0 0 1
13 0 0 16 0 6 7 14 4 2 12 10 0 0 0 0
15 0 10 3 6 0 0 0 0 0 0 0 0 14 0 0
2 13 0 8 0 0 4 0 14 0 0 0 0 16 15 0
5 0 16 14 0 0 8 0 6 12 0 11 3 0 13 9
0 0 6 0 0 0 0 2 15 16 0 3 1 10 0 4

0 0 0 15 0 0 12 7 8 5 0 0 0 0 0 0
0 0 12 10 13 4 15 0 0 0 0 0 5 1 0 7
6 0 0 0 0 0 5 0 0 0 10 13 0 11 12 0
0 0 7 9 2 1 0 0 0 6 4 0 0 0 14 10
16 14 0 13 7 0 0 0 0 4 0 5 15 0 10 0
0 10 0 4 16 8 6 15 0 14 13 0 11 0 3 0
3 0 0 0 4 0 0 5 16 0 0 0 9 0 7 14
0 0 0 0 0 0 0 0 0 9 6 0 0 0 0 8
7 0 0 0 0 5 0 8 9 11 0 0 14 0 0 0
0 0 15 0 0 0 16 0 1 0 8 0 7 12 6 11
0 9 0 6 0 11 0 0 5 15 0 7 0 0 0 1
13 0 0 16 0 6 7 14 4 2 12 10 0 0 0 0
15 0 10 3 6 0 0 0 0 0 0 0 0 14 0 0
2 13 0 8 0 0 4 0 14 0 0 0 0 16 15 0
5 0 16 14 0 0 8 0 6 12 0 11 3 0 13 9
0 0 6 0 0 0 0 2 15 16 0 3 1 10 0 4

0 0 0 15 0 0 12 7 8 5 0 0 0 0 0 0
0 0 12 10 13 4 15 0 0 0 0 0 5 1 0 7
6 0 0 0 0 0 5 0 0 0 10 13 0 11 12 0
0 0 7 9 2 1 0 0 0 6 4 0 0 0 14 10
16 14 0 13 7 0 0 0 0 4 0 5 15 0 10 0
0 10 0 4 16 8 6 15 0 14 13 0 11 0 3 0
3 0 0 0 4 0 0 5 16 0 0 0 9 0 7 14
0 0 0 0 0 0 0 0 0 9 6 0 0 0 0 8
7 0 0 0 0 5 0 8 9 11 0 0 14 0 0 0
0 0 15 0 0 0 16 0 1 0 8 0 7 12 6 11
0 9 0 6 0 11 0 0 5 15 0 7 0 0 0 1
13 0 0 16 0 6 7 14 4 2 12 10 0 0 0 0
15 0 10 3 6 0 0 0 0 0 0 0 0 14 0 0
2 13 0 8 0 0 4 0 14 0 0 0 0 16 15 0
5 0 16 14 0 0 8 0 6 12 0 11 3 0 13 9
0 0 6 0 0 0 0 2 15 16 0 3 1 10 0 4

0 0 0 15 0 0 12 7 8 5 0 0 0 0 0 0
0 0 12 10 13 4 15 0 0 0 0 0 5 1 0 7
6 0 0 0 0 0 5 0 0 0 10 13 0 11 12 0
0 0 7 9 2 1 0 0 0 6 4 0 0 0 14 10
16 14 0 13 7 0 0 0 0 4 0 5 15 0 10 0
0 10 0 4 16 8 6 15 0 14 13 0 11 0 3 0
3 0 0 0 4 0 0 5 16 0 0 0 9 0 7 14
0 0 0 0 0 0 0 0 0 9 6 0 0 0 0 8
7 0 0 0 0 5 0 8 9 11 0 0 14 0 0 0
0 0 15 0 0 0 16 0 1 0 8 0 7 12 6 11
0 9 0 6 0 11 0 0 5 15 0 7 0 0 0 1
13 0 0 16 0 6 7 14 4 2 12 10 0 0 0 0
15 0 10 3 6 0 0 0 0 0 0 0 0 14 0 0
2 13 0 8 0 0 4 0 14 0 0 0 0 16 15 0
5 0 16 14 0 0 8 0 6 12 0 11 3 0 13 9
0 0 6 0 0 0 0 2 15 16 0 3 1 10 0 4